

55
0
0
30859
23559
31530
14145
39472
70254
26150
29576



55
0
0
517401
240428
123357
64535
144659
187527
290753
71805



26
0
0
349517
167174
49202
26632
67905
117804
416629
124731



55
0
0
1769306
200247
140279
65850
119277
408165
217189
110814



55
0
0
1085832
360170
17423
7006
92310
193493
247581
48560



26
0
0
630101
49971
161229
148898
154431
302393
254420
153249

26
0
0
1191470
161966
28089
67864
146899
331947
179427
136339



55
0
0
58745
31429
6455
18247
37963
78501
35462
32127



55
0
0
15487
19196
38370
20533
9883
54865
56978
13885



26
0
0
436343
202853
65305
50281
138095
260865
123625
105528



26
0
0
390054
107207
143612
51903
44898
406486
335096
73034





55
0
0
822948
286632
60393
24494
62061
434705
266253
108979



26
0
0
823800
142671
66334
109290
92419
367841
466613
140147



26
0
0
94524
13382
24077
29943
30845
51926
75086
22374



55
0
0
2336607
765571
422035
307941
755202
840691
225866
395471



55
0
0
759908
294426
14560
67785
131211
305756
321979
80322



55
0
0
159342
104605
119098
110541
71381
132686
132781
84981

26
0
0
276639
126763
56336
170286
67602
169961
145711
71364



55
0
0
166297
79648
179739
64472
96328
213777
370249
89374



55
0
0
613718
23085
18231
32623
34071
47093
39101
10338



26
0
0
309078
195114
156348
137483
194149
71106
90686
134536



26
0
0
165743
91028
59218
162165
43604
307971
54641
161495





55
0
0
644506
1249845
281544
310716
389665
1170957
234496
268997



26
0
0
20440
9563
13412
31210
20552
66216
62780
20528



26
0
0
863931
80601
35159
24366
205688
229730
217455
63208



55
0
0
59320
54483
37964
19368
47209
55993
60442
66262



55
0
0
779254
173197
48002
75154
131141
352702
206457
76447



26
0
0
28794
10890
9960
14495
26054
76789
70835
34066

26
0
0
561859
161762
38922
246161
59658
141038
67725
78311



55
0
0
210539
24308
110106
39397
98413
207384
279677
75977



55
0
0
151097
216733
160366
30898
99622
271860
176170
82787



26
0
0
787232
208739
11394
195678
81087
276986
255376
114343





26
0
0
428355
43412
23853
50211
100487
280672
273506
54419



